Train
38.5931873618458
41.7810294685806
38.1849694631479
40.665629361638
34.5874772830407
35.8454559278491
41.2983907052016
41.7961228808184
37.2199083536842
41.3717660679733
40.6196527140098
38.4206417302382
37.5632356296776
41.1671545217974
41.7279267896006
41.2799766966038
40.0414079470282
41.8441816733769
39.7371209236962
39.4026581089797
40.4643799047021
37.5355919678538
36.4226643433514
41.6777849351943
39.7395878165206
41.9540236201335
36.1633265036197
38.2929414659084
40.1897555236412
40.4366235797513
40.2394373171235
42.0005943716816
41.2075333985663
41.5532718209962
40.0977751438053
40.3686895523172
41.818867323914
41.5847113583985
41.0745018731736
41.9186980184648
40.1219874844921
41.9353240600493
41.2610637399466
41.7929712675914
